name: project2
channels:
  - defaults
dependencies:
  - arrow-cpp=23.0.1=cpu_hc568bbc_1
  - aws-c-auth=0.9.4=h02ab6af_0
  - aws-c-cal=0.9.13=h630b2a1_0
  - aws-c-common=0.12.6=h02ab6af_0
  - aws-c-compression=0.3.1=h02ab6af_3
  - aws-c-event-stream=0.5.9=h02ab6af_0
  - aws-c-http=0.10.7=h02ab6af_0
  - aws-c-io=0.23.3=h02ab6af_0
  - aws-c-mqtt=0.13.3=h02ab6af_1
  - aws-c-s3=0.11.3=h02ab6af_0
  - aws-c-sdkutils=0.2.4=h02ab6af_2
  - aws-checksums=0.2.8=h02ab6af_0
  - aws-crt-cpp=0.35.4=h885b0b7_0
  - aws-sdk-cpp=1.11.720=hf0af688_0
  - blas=1.0=mkl
  - bzip2=1.0.8=h2bbff1b_6
  - c-ares=1.34.6=h2c209ce_0
  - ca-certificates=2025.12.2=haa95532_0
  - gflags=2.2.2=hd77b12b_1
  - glog=0.5.0=hd77b12b_1
  - intel-openmp=2025.0.0=haa95532_1164
  - libabseil=20260107.0=cxx17_hc587421_0
  - libbrotlicommon=1.2.0=h907acca_0
  - libbrotlidec=1.2.0=h02c67a5_0
  - libbrotlienc=1.2.0=h483e6b9_0
  - libcurl=8.18.0=he215731_0
  - libexpat=2.7.4=hd7fb8db_0
  - libffi=3.4.4=hd77b12b_1
  - libgrpc=1.78.0=hecd3d80_0
  - libhwloc=2.12.1=default_hfa10c62_1000
  - libiconv=1.18=hc89ec93_0
  - libkrb5=1.22.1=hb237eb7_0
  - libmpdec=4.0.0=h827c3e9_0
  - libprotobuf=6.33.5=h65d7223_0
  - libre2-11=2025.11.05=h797e85b_1
  - libssh2=1.11.1=h2addb87_0
  - libthrift=0.22.0=ha2884a9_0
  - libxml2=2.13.9=h6201b9f_0
  - libzlib=1.3.1=h02ab6af_0
  - lz4-c=1.9.4=h2bbff1b_1
  - mkl=2025.0.0=h5da7b33_930
  - mkl-service=2.5.2=py314h0b37514_0
  - mkl_fft=2.1.1=py314h281c9fe_0
  - mkl_random=1.3.0=py314hdbada53_0
  - numpy=2.4.2=py314hbda910b_0
  - numpy-base=2.4.2=py314h11a47e0_0
  - openssl=3.5.5=hbb43b14_0
  - orc=2.2.0=h1e45922_2
  - packaging=25.0=py314haa95532_1
  - pip=26.0.1=pyhc872135_0
  - pyarrow=23.0.1=py314hf1216d0_0
  - python=3.14.3=h653fc63_101_cp314
  - python_abi=3.14=2_cp314
  - re2=2025.11.05=hca2749c_1
  - setuptools=80.10.2=py314haa95532_0
  - snappy=1.2.2=hab6b7b3_1
  - sqlite=3.51.1=hee5a0db_1
  - tbb=2022.3.0=h90c84d6_0
  - tbb-devel=2022.3.0=h90c84d6_0
  - tk=8.6.15=hf199647_0
  - ucrt=10.0.22621.0=haa95532_0
  - utf8proc=2.6.1=h2bbff1b_1
  - vc=14.3=h2df5915_10
  - vc14_runtime=14.44.35208=h4927774_10
  - vs2015_runtime=14.44.35208=ha6b5a95_10
  - wheel=0.46.3=py314haa95532_0
  - xz=5.8.2=h53af0af_0
  - zlib=1.3.1=h02ab6af_0
  - zstd=1.5.7=h56299aa_0
  - pip:
      - asttokens==3.0.1
      - certifi==2026.2.25
      - cftime==1.6.5
      - colorama==0.4.6
      - comm==0.2.3
      - contourpy==1.3.3
      - cycler==0.12.1
      - debugpy==1.8.20
      - decorator==5.2.1
      - executing==2.2.1
      - fonttools==4.62.1
      - ipykernel==7.2.0
      - ipython==9.11.0
      - ipython-pygments-lexers==1.1.1
      - jedi==0.19.2
      - joblib==1.5.3
      - jupyter-client==8.8.0
      - jupyter-core==5.9.1
      - kiwisolver==1.5.0
      - matplotlib==3.10.8
      - matplotlib-inline==0.2.1
      - nest-asyncio==1.6.0
      - netcdf4==1.7.4
      - pandas==3.0.1
      - parso==0.8.6
      - pillow==12.1.1
      - platformdirs==4.9.4
      - prompt-toolkit==3.0.52
      - psutil==7.2.2
      - pure-eval==0.2.3
      - pygments==2.19.2
      - pyparsing==3.3.2
      - python-dateutil==2.9.0.post0
      - pyzmq==27.1.0
      - scikit-learn==1.8.0
      - scipy==1.17.1
      - seaborn==0.13.2
      - six==1.17.0
      - stack-data==0.6.3
      - threadpoolctl==3.6.0
      - tornado==6.5.4
      - traitlets==5.14.3
      - tzdata==2025.3
      - wcwidth==0.6.0
      - xarray==2026.2.0
prefix: C:\Users\Danya\miniconda3\envs\project2
